* Intermittent execution with an 150μF capacitor
LeNet/MNIST
HAWAII-B1 185.967 158.132 193.008 188.766 210.332 165.498 173.503 168.625 188.675 206.910 170.088 197.048 198.305 194.893 139.122 177.112 201.032 203.838 189.644 165.720 195.368 187.121 189.493 211.277 190.899 139.199 205.011 205.303 177.745 189.934
JAPARI-B1 36.150 72.702 72.315 45.649 44.916 47.534 52.039 49.664 72.776 42.349 69.477 44.061 66.094 66.643 55.462 57.368 58.619 66.585 71.098 58.805 62.788
Stateful-B1 50.476 38.691 51.030 40.406 46.647 38.546 39.014 46.285 39.524 38.082 38.800 48.625 19.605 54.057 38.122 39.272 53.949 40.037 36.485 31.540 61.078 45.231 58.298 33.350 43.254

SqueezeNet/CIFAR-10
HAWAII-B1 0 0
JAPARI-B1 164.152 151.143 177.289 148.426 169.332 162.005 166.968 188.603 154.561 152.691 137.237 147.334 163.411 197.579 136.279 174.843 121.208 127.495 129.853 163.120
Stateful-B1 162.467 189.196 167.784 145.109 165.283 178.246 216.769 226.802 150.356 187.329 221.585 211.392 164.347 221.240 160.279 186.877 250.586 171.843 226.488 212.871

KWS/GoogleSpeech
HAWAII-B1 15.718 15.884 12.173 4.201 14.359 10.934 6.150 9.203 3.177 3.072 13.522 10.062 2.824 11.374 10.392 3.117 13.597 11.073 11.434 9.144 8.104 9.799 7.992 13.912 9.427 3.420 4.263 3.164 10.379
JAPARI-B1 0 0
Stateful-B1 1.006 1.928 1.938 2.007 1.705 1.764 1.760 11.844 2.263 1.992 10.857 2.542 2.640 2.775 2.481 2.799 2.756 2.467 2.204 2.761 2.456 10.005 7.948 9.161 2.772 2.472 2.792 2.761 3.300 2.472 12.136 2.456 10.031 2.903 2.804 10.374 3.413 2.466 11.580 2.749 2.451 10.059 2.456 9.719 4.101 2.765 2.471 9.779 11.907 3.476 9.318 2.807 3.942 2.773 2.481 2.542 2.802 2.872 6.822 2.798 2.764 2.819 8.416 2.540 2.797 2.942 15.065 8.808 2.456 3.545 2.480 2.799 2.769 2.478 2.794 2.937 13.996 7.601 8.778 2.798 2.765 2.467 6.990 9.206 7.275 9.917 3.241 9.601 6.864 2.793 2.755 2.466 2.793 3.180 2.095 10.616 2.951 2.792 2.759 2.456 6.753 2.111 10.356 2.690 2.396 2.460 11.034 7.911 7.080 2.768 2.467 9.610 6.881 8.510 2.460 8.773 2.792 10.549 7.886 2.798 2.759 2.456 5.777 9.005 7.367 8.579 6.494
