* Intermittent execution (100uF)
LeNet/MNIST
HAWAII-10mW 25.884 25.867 25.532 25.959 26.127 25.506 26.109 26.477 25.557 25.476 26.127
JAPARI-10mW 9.669 9.720 9.457 9.867 9.828 9.663 10.034 9.489 9.848 9.899 9.856 9.861 9.790 9.719
Stateful-10mW 7.387 7.540 7.755 7.604 7.760 7.452 7.820 7.594 7.759 7.532 7.819 7.546 7.844 7.454 7.773 7.609 7.836 7.536 7.843
HAWAII-5mW 70.961 71.423 70.951 71.432 71.214 71.144 71.416 71.284 71.328 71.263
JAPARI-5mW 30.590 30.649 30.652 30.653 30.652 30.650 30.651 30.653 30.654 30.655 30.656 30.655 30.657
Stateful-5mW 19.799 19.918 19.652 19.980 19.741 19.919 19.777 19.792 19.587 20.072 19.744 19.727 19.559

SqueezeNet/CIFAR-10
HAWAII-10mW 101.776 102.127 101.209 102.124 101.527 101.237 102.526 101.861 102.057 102.712
JAPARI-10mW 31.019 30.517 30.765 30.673 30.589 30.725 30.999 30.763 30.702 30.819
Stateful-10mW 20.963 21.379 20.918 21.188 20.963 21.039 21.043 21.359 21.080 21.348
HAWAII-5mW 260.700 260.753 260.775 260.820 260.832 260.823 260.820 260.856 260.858 260.883
JAPARI-5mW 91.973 91.978 91.984 91.990 91.996 92.004 92.006 92.009 92.008 92.006 92.020 92.018
Stateful-5mW 61.295 61.294 61.294 61.299 61.296 61.296 61.294 61.301 61.299 61.299

KWS/GoogleSpeech
HAWAII-10mW 1.912 1.830 1.771 1.756 1.756 1.757 1.683 1.941 2.072 1.838 1.830 1.756 1.756 1.683 1.758 1.761 2.179
JAPARI-10mW 4.711 4.723 6.008 5.043 4.859 5.408 4.834 4.723 5.667 4.817 4.723 5.579 4.835 4.723 5.820 4.805 4.722
Stateful-10mW 1.648 1.579 1.422 1.423 1.339 1.261 1.339 1.345 1.266 1.344 1.522 1.569 1.575 1.422 1.423 1.342 1.345 1.337 1.336 1.261 1.339 1.671 1.646 1.423 1.417
HAWAII-5mW 5.419 5.315 5.293 5.268 5.131 5.289 5.267 5.132 5.131 5.415 5.157 5.131 5.409 5.294 5.139 5.267
JAPARI-5mW 19.406 20.112 20.116 20.233 20.113 20.114 20.529 19.997 20.115 20.292 20.234 20.115 20.292 20.234
Stateful-5mW 4.243 4.290 4.249 4.178 4.010 4.306 4.025 4.381 4.066 4.242 4.242 3.957 4.023 3.880 4.169
