* Intermittent execution with an 1000μF capacitor
LeNet/MNIST
HAWAII-B1
JAPARI-B1 6.685 6.300 6.055 6.321 6.625 6.319 6.320 6.395 5.990 6.374 6.315 6.309 6.383 5.987 6.507 6.301 5.989 6.366 6.318 6.044 6.328 6.309 6.377 6.312 6.373 5.996 6.609 6.302 6.005 6.313 6.319 6.430 6.303 6.303 6.058 6.304 6.436 6.292
Stateful-B1 4.273 4.424 4.579 4.483 4.213 4.662 4.519 4.428 4.828 4.366 4.514 4.113 4.582 4.416 4.520 4.479 4.211 4.420 4.519 4.478 4.515 4.117 4.818 4.488 4.217 4.424 4.584 4.425 4.221 4.497 4.520 4.426 4.520 4.608 4.524 4.115 4.581 4.418 4.515 4.420 4.447 4.417 4.517 4.607 4.515 4.120 4.515 4.600

SqueezeNet/CIFAR-10
HAWAII-B1
JAPARI-B1
Stateful-B1

KWS/GoogleSpeech
HAWAII-B1 1.456 1.161 1.455 1.156 1.464 1.457 1.456 1.462 1.155 1.462 1.455 1.161 1.465 1.153 1.457 1.466 1.159 1.755 1.160 1.459 1.159 1.458 1.460 1.155 1.457 1.458 1.159
JAPARI-B1 4.761 4.095 4.721 4.212 4.508 4.448 4.018 4.686 4.178 4.356 4.740 4.505 4.215 4.219 4.838 4.580 4.140 4.762 4.354 4.663 4.140 4.943 4.140 4.764 4.525 4.349 4.181 4.805 4.666 3.958 4.645 4.057 4.623
Stateful-B1 1.108 1.472 1.103 1.466 1.472 1.105 1.470 1.107 1.471 1.408 1.045 1.045 1.344 1.051 1.048 1.346 1.043 1.352 1.046 1.049 1.351 1.045 1.164 1.349 1.048 1.046 1.046 1.347 1.049 1.351 1.348 1.046 1.047 1.347 1.048 1.285 1.049 1.347 1.048 1.346 1.050 1.049 1.344 1.051 1.048 1.353 1.049 1.048 1.410 1.048 1.352 1.050
