* Intermittent execution with an 150μF capacitor
LeNet/MNIST
HAWAII-B1 24.032 24.387 25.666 25.082 24.827 24.162 25.301 25.553 23.963 25.010 25.132 25.383 24.535 24.673 25.936 25.498 24.538 23.860 26.030 25.267 24.323 25.586 24.249
JAPARI-B1 11.614 10.280 11.628 11.842 11.616 11.392 12.044 11.836 11.600 11.923 12.611 11.752 11.778 13.227 12.041 11.780 12.546 11.250 11.038 11.094 11.878 11.864 12.040 12.400 12.255 10.481 12.580 11.672 12.090 11.603 
Stateful-B1 8.209 8.309 7.451 8.372 7.783 7.592 7.454 7.763 7.624 7.770 7.642 8.417 7.690 7.708 7.767 8.066 7.866 7.820 7.813 7.827 6.888 8.317 7.222 7.885 7.771 7.362 8.119 7.345 8.128 7.675 7.972 7.850 7.344 7.339 8.186 7.994 8.267 8.062 8.122 7.116 7.264 8.424 7.970 7.900 7.334 7.579 7.813 7.066 7.633 7.661 8.065

SqueezeNet/CIFAR-10
HAWAII-B1 112.748 108.831 111.187 110.184 109.056 113.421 113.062 113.626 110.659 110.942 109.967 111.347 112.294 111.421 108.647 106.741 111.575 109.044 106.685 106.190
JAPARI-B1 42.555 43.433 42.815 42.205 40.820 40.259 40.340 42.347 41.964 40.298 41.528 42.082 41.871 40.323 41.157 42.458 41.922 40.012 40.431 42.817 41.306 41.928
Stateful-B1 22.021 25.587 25.544 24.841 24.516 23.075 24.251 24.019 26.160 24.849 25.911 25.335 24.378 23.803 26.214 25.299 27.393 24.124 25.032 22.808 25.025 25.027 24.942 25.203

KWS/GoogleSpeech
HAWAII-B1 1.607 1.911 1.913 1.906 2.856 1.794 2.026 1.616 1.911 2.441 1.607 1.900 1.600 1.705 2.303 1.710 1.932 1.928 2.111 1.927 2.046 2.047 2.277 2.165 1.872 2.113 1.869 2.106 2.465 2.038 2.094 1.854 2.097 2.098 2.045 2.063 1.877 1.927 1.921 1.864 1.917 1.906 1.790 1.794 2.149 1.917 2.088 1.912 1.616 2.094 1.911 1.911 1.967 1.611 2.089 1.616 1.908 1.611 2.089 3.089 1.906 1.794 1.613 1.912 1.613 1.912 1.613 2.154 1.912 1.608 1.901 1.601 1.901 1.600 1.706 2.111 1.633 1.929 2.116 2.110 1.931 1.927 1.931 2.232 2.126 1.700 2.820 1.925 2.091 1.617 1.904 1.901
JAPARI-B1 6.992 6.358 6.638 6.794 6.634 6.822 6.630 6.888 6.930 6.655 6.931 6.934 6.795 7.028 6.726 6.634 6.853 6.948 6.989 6.552 6.948 6.694 6.883 6.934 6.815
Stateful-B1 1.376 1.611 1.562 1.564 1.633 1.340 1.645 1.709 1.415 1.833 1.606 1.730 1.617 1.507 1.639 1.341 1.696 1.639 1.345 1.404 1.641 1.350 1.644 1.349 1.641 1.592 1.832 1.605 1.371 1.613 1.321 1.560 1.627 1.641 1.842 1.606 1.315 1.553 1.316 1.557 1.501 1.626
