* Stable power
LeNet/MNIST
Baseline 4.122 4.122 4.122 4.122 4.122 4.122 4.122 4.122 4.122 4.122
JAPARI-B1 5.464 5.456 5.464 5.456 5.464 5.456 5.464 5.456 5.464 5.456
JAPARI-B2 4.933 4.925 4.933 4.925 4.933 4.925 4.933 4.925 4.933 4.925
JAPARI-B4 4.747 4.739 4.747 4.740 4.747 4.739 4.747 4.739 4.747 4.739
HAWAII-B1 15.805 15.805 15.805 15.805 15.806 15.805 15.805 15.805 15.806 15.806
HAWAII-B2 9.767 9.767 9.767 9.767 9.767 9.767 9.767 9.767 9.767 9.767
HAWAII-B4 6.764 6.765 6.764 6.765 6.764 6.764 6.764 6.764 6.764 6.764
Stateful-B1 4.233 4.210 4.233 4.210 4.233 4.210 4.233 4.210 4.233 4.210
Stateful-B2 4.227 4.208 4.227 4.208 4.227 4.208 4.227 4.208 4.227 4.208
Stateful-B4 4.227 4.229 4.226 4.230 4.227 4.229 4.226 4.229 4.227 4.230

SqueezeNet/CIFAR-10
Baseline 11.528 11.528 11.528 11.528 11.528 11.528 11.528 11.528 11.528 11.528
JAPARI-B1 17.600 17.590 17.600 17.590 17.600 17.590 17.600 17.590 17.600 17.590
JAPARI-B2 15.157 15.149 15.157 15.149 15.157 15.149 15.157 15.149 15.157 15.149
JAPARI-B4 14.354 14.347 14.354 14.347 14.354 14.347 14.354 14.347 14.354 14.347
HAWAII-B1 60.498 60.497 60.497 60.497 60.497 60.496 60.497 60.498 60.498 60.498
HAWAII-B2 35.476 35.476 35.476 35.476 35.476 35.476 35.476 35.476 35.476 35.476
HAWAII-B4 23.051 23.051 23.051 23.051 23.051 23.051 23.051 23.051 23.051 23.051
Stateful-B1 11.792 11.937 11.792 11.937 11.792 11.937 11.792 11.937 11.792 11.937
Stateful-B2 11.767 11.873 11.767 11.873 11.767 11.873 11.767 11.873 11.767 11.873
Stateful-B4 11.792 11.854 11.793 11.854 11.793 11.854 11.793 11.854 11.793 11.854

KWS/GoogleSpeech
Baseline 0.956 0.956 0.956 0.956 0.956 0.956 0.956 0.956 0.956 0.956
JAPARI-B1 3.486 3.485 3.486 3.486 3.486 3.486 3.486 3.486 3.486 3.486
JAPARI-B2 1.877 1.877 1.877 1.876 1.877 1.876 1.877 1.877 1.877 1.877
JAPARI-B4 1.094 1.094 1.094 1.093 1.094 1.093 1.094 1.093 1.094 1.093
HAWAII-B1 1.233 1.233 1.233 1.233 1.233 1.233 1.233 1.233 1.233 1.233
HAWAII-B2 1.091 1.091 1.091 1.091 1.091 1.091 1.091 1.091 1.091 1.091
HAWAII-B4 1.020 1.020 1.020 1.020 1.020 1.020 1.020 1.020 1.020 1.020
Stateful-B1 0.960 0.960 0.960 0.960 0.960 0.960 0.960 0.960 0.960 0.960
Stateful-B2 0.960 0.960 0.960 0.960 0.960 0.960 0.960 0.960 0.960 0.960
Stateful-B4 0.960 0.959 0.960 0.959 0.959 0.959 0.960 0.960 0.960 0.959
