* Stable power
LeNet/MNIST
Baseline 2.393 2.393
HAWAII-B1 7.688 7.688
HAWAII-B2 5.083 5.083 5.083 5.083 5.083 5.083 5.083 5.083 5.083 5.083
HAWAII-B4 3.662 3.662 3.662 3.662 3.662 3.662 3.662 3.662 3.662 3.662
JAPARI-B1 3.824 3.812 3.824 3.812 3.824 3.812 3.824 3.812 3.824 3.812
JAPARI-B2 3.362 3.350 3.362 3.350 3.362 3.350 3.362 3.350 3.362 3.350
JAPARI-B4 3.161 3.150 3.161 3.150 3.161 3.149 3.161 3.149 3.161 3.152
Stateful-B1 2.687 2.595 2.686 2.595 2.686 2.595 2.686 2.595 2.686 2.595
Stateful-B2 2.584 2.548 2.584 2.548 2.584 2.548 2.584 2.548 2.584 2.548
Stateful-B4 2.551 2.555 2.551 2.555 2.550 2.555 2.550 2.555 2.550 2.555

SqueezeNet/CIFAR-10
Baseline 7.320 7.320
HAWAII-B1 29.526 29.526
HAWAII-B2 18.717 18.717 18.718 18.718 18.718 18.718 18.717 18.717 18.717 18.717
HAWAII-B4 12.834 12.833 12.833 12.833 12.833 12.833 12.834 12.834 12.834 12.834
JAPARI-B1 13.628 13.641
JAPARI-B2 11.406 11.394 11.405 11.394 11.406 11.394 11.406 11.394 11.406 11.394
JAPARI-B4 10.387 10.377 10.387 10.378 10.387 10.377 10.387 10.377 10.387 10.377
Stateful-B1 7.783 8.115 7.783 8.116 7.783 8.115 7.783 8.116 7.783 8.116
Stateful-B2 7.769 7.913 7.769 7.913 7.769 7.913 7.769 7.913 7.769 7.912
Stateful-B4 7.769 7.912 7.769 7.913 7.769 7.913 7.769 7.913 7.769 7.913

KWS/GoogleSpeech
Baseline 0.732 0.732
HAWAII-B1 0.858 0.858 0.858 0.858 0.858 0.858 0.858 0.858 0.858 0.858
HAWAII-B2 0.793 0.793 0.793 0.793 0.793 0.793 0.793 0.793 0.793 0.793
HAWAII-B4 0.760 0.760 0.760 0.760 0.761 0.760 0.760 0.760 0.760 0.761
JAPARI-B1 2.771 2.772
JAPARI-B2 1.557 1.556 1.557 1.556 1.557 1.556 1.557 1.556 1.557 1.556
JAPARI-B4 0.887 0.887 0.887 0.887 0.887 0.887 0.887 0.887 0.887 0.887
Stateful-B1 0.744 0.744 0.745 0.744 0.744 0.744 0.744 0.744 0.744 0.744
Stateful-B2 0.741 0.740 0.741 0.740 0.741 0.740 0.741 0.740 0.741 0.740
Stateful-B4 0.740 0.739 0.740 0.739 0.740 0.739 0.740 0.739 0.740 0.740
