* Intermittent execution (100uF)
LeNet/MNIST
HAWAII-10mW 15.888 15.063 15.419 15.282 15.109 15.665 14.915 15.364 15.276 15.233
JAPARI-10mW 6.183 6.144 6.504 6.372 6.473 6.257 6.540 6.383 6.417 6.326 6.164 6.394 6.276 6.266 6.184 6.169 6.462 6.166 6.149 6.357 6.205 6.236 6.178 6.438 6.058 6.158 6.355
Stateful-10mW 4.497 4.489 4.563 4.383 4.386 4.848 4.272 4.405 4.502 4.583 4.596 4.392 4.683 4.397 4.395 4.502 4.564
HAWAII-5mW 54.888 51.015 55.066 51.722 51.832 52.583 54.542 55.703 50.485 50.081
JAPARI-5mW 21.182 21.723 20.468 21.488 22.011 20.414 22.890 19.363 22.421 20.185 19.908 20.005 20.441 20.068
Stateful-5mW 16.837 15.265 15.529 14.307 15.079 15.767 15.493 15.771 16.394 14.483 17.186 15.358 16.200

SqueezeNet/CIFAR-10
HAWAII-10mW 58.378 59.395 59.081 58.727 58.643 59.433 58.199 59.151 58.748 58.411 59.017 58.029
JAPARI-10mW 23.841 23.019 23.789 22.831 23.419 23.431 23.245 23.202 23.138 23.236 23.173
Stateful-10mW 13.533 13.890 13.369 13.804 13.208 14.085 13.203 14.055 13.365 14.174 13.369 13.908
HAWAII-5mW 228.530 211.194 208.032 203.303 198.730 193.587 190.488 191.718 192.329 196.969 190.701 194.604 188.877 191.837
JAPARI-5mW 103.909 103.928 101.893 100.196 103.121 99.140 102.590 98.458 93.482 94.947 94.634 95.744 93.594 93.567 93.469 90.162 97.142 86.286 92.620 91.163 90.429 93.301 91.658 93.366 89.769
Stateful-5mW 53.307 47.894 52.288 48.458 47.967 49.692 49.152 48.817 45.624 51.960 49.273 51.523 52.937 51.842 51.602 51.848 47.422 51.293

KWS/GoogleSpeech
HAWAII-10mW 1.192 1.286 1.186 1.192 1.206 1.310 1.197 1.202 1.301 1.194 1.331 1.185 1.193 1.201 1.291 1.187 1.189 1.200 1.206
JAPARI-10mW 4.293 4.289 4.204 4.282 4.123 4.312 4.156 4.139 4.135 4.370 4.199 4.134 4.268 4.242 4.267
Stateful-10mW 0.980 1.156 0.984 0.977 1.078 0.980 1.078 0.980 1.081 0.976 1.087 0.980 1.079 1.082 0.978 1.084 1.158 0.980 1.078 0.993 1.078 0.976 1.078 0.980
HAWAII-5mW 3.331 3.539 3.488 3.703 3.324 3.807 3.705 3.213 3.160 3.387 3.225 3.640 3.995 3.318 3.810 3.807 3.285 3.578 3.387 3.225 3.392 3.504 3.645 3.386 3.703 3.330 3.221 3.385 3.473 3.704 3.444 3.216
JAPARI-5mW 12.366 13.292 13.823 13.254 13.358 13.267 13.065 13.180 13.003 13.816 13.588 13.353
Stateful-5mW 3.092 2.612 2.776 3.233 2.658 3.311 2.991 2.667 2.875 2.884 2.821 2.670 3.307 2.843 2.594 3.047 2.979
